9989
9987
9984
9983
9962
9956
9936
9934
9861
9843
9831
9793
9766
9759
9744
9735
9706
9697
9684
9678
9627
9616
9605
9602
9533
9532
9531
9513
9509
9508
9507
9506
9505
9504
9503
9502
9501
9468
9449
9436
9435
9434
9433
9432
9418
9412
9409
9404
9401
9336
9303
9302
9301
9202
9201
9147
9143
9142
9107
9104
9101
9076
9075
9072
9069
9065
9064
9048
9045
9044
9042
9041
9031
9024
9023
9022
9021
9020
9009
9008
9007
9006
9005
9003
9001
8919
8876
8850
8848
8830
8804
8802
8801
8795
8766
8750
8729
8725
8714
8697
8630
8628
8616
8609
8604
8601
8593
8591
8572
8570
8544
8524
8522
8511
8473
8439
8425
8424
8418
8411
8410
8393
8392
8388
8386
8381
8377
8370
8368
8367
8366
8361
8360
8359
8358
8354
8346
8341
8336
8334
8331
8316
8309
8308
8306
8304
8303
8283
8282
8273
8267
8253
8252
8242
8233
8227
8218
8194
8174
8154
8136
8129
8113
8111
8098
8088
8086
8078
8060
8058
8056
8053
8050
8035
8031
8022
8020
8015
8012
8002
8001
7994
7988
7984
7981
7974
7970
7966
7956
7951
7947
7936
7912
7911
7906
7867
7846
7832
7826
7806
7762
7752
7751
7747
7744
7741
7740
7735
7733
7731
7730
7729
7716
7701
7685
7649
7616
7581
7564
7550
7459
7453
7419
7389
7381
7380
7337
7327
7322
7313
7309
7282
7278
7276
7272
7270
7269
7267
7261
7259
7240
7220
7211
7203
7202
7201
7189
7186
7182
7181
7180
7173
7167
7164
7014
7013
7012
7011
7004
7003
6996
6995
6988
6981
6976
6971
6966
6965
6963
6960
6954
6952
6951
6941
6925
6923
6920
6902
6890
6875
6871
6869
6861
6857
6856
6849
6845
6841
6834
6806
6787
6777
6770
6762
6758
6754
6753
6752
6744
6740
6728
6724
6723
6707
6703
6702
6701
6674
6651
6645
6622
6594
6592
6590
6586
6544
6532
6526
6525
6516
6508
6507
6506
6504
6503
6501
6498
6490
6481
6479
6473
6472
6471
6465
6460
6457
6454
6448
6436
6432
6412
6407
6383
6376
6371
6370
6368
6367
6361
6326
6324
6323
6315
6305
6302
6301
6278
6273
6269
6268
6254
6178
6146
6141
6136
6135
6134
6113
6103
6101
6098
6055
6013
6005
5991
5947
5938
5929
5901
5857
5844
5838
5832
5831
5830
5805
5803
5802
5801
5741
5714
5713
5711
5706
5631
5482
547A
5471
5463
5451
5444
543A
5423
5411
5406
5401
5393
5384
5344
5334
5333
5332
5331
5301
5233
5232
5214
5201
5110
5108
5105
5101
5076
5021
5020
5019
5016
4980
4975
4971
4967
4966
4927
4922
4912
4911
4902
4901
4887
485A
4816
4812
4776
4768
4755
4751
4733
4732
4716
4704
4689
4686
4684
4681
4680
4676
4666
4665
4661
4634
4631
4626
4617
4613
4612
4578
4568
4553
4547
4544
4543
4540
4536
4528
4527
4523
4519
4516
4507
4506
4503
4502
4483
4452
4443
4403
4401
4385
4373
4368
4324
4307
429A
4272
4208
4206
4205
4204
4203
4202
4194
4188
4186
4183
4182
417A
4151
4118
4114
4107
4099
4095
4091
4088
4063
4062
4061
4047
4046
4045
4043
4042
4041
4021
4005
4004
3994
3941
3923
3861
3774
3769
3659
3635
3626
3591
3569
3563
3549
3480
3449
3445
3436
3433
3407
3405
3402
3401
3397
3391
3387
3382
3360
3350
3349
3289
3288
3231
3197
3186
3148
3132
3116
3110
3107
3105
3099
3097
3092
3088
3086
3064
3050
3048
3046
3038
3003
2897
2875
2871
285A
2811
2810
2809
2802
2801
2784
2782
2768
2730
2726
2702
268A
2670
2659
2607
2593
2587
2579
2531
2503
2502
2501
2433
2432
2413
2371
2331
2327
2296
2282
2270
2269
2267
2264
2229
2222
2212
2206
2201
2181
2175
2127
2121
2002
2001
1980
1979
1969
1963
1961
1959
1952
1951
1950
1946
1944
1942
1941
1928
1925
1911
1893
1878
1861
1860
1833
1820
1812
1808
1803
1802
1801
1721
1719
1662
1605
1515
141A
1417
1414
1377
1333
1332
